128, 129, 130, 131, 132, 133, 134, 135, 
136, 137, 138, 139, 140, 141, 142, 143, 
144, 145, 146, 147, 148, 149, 150, 151, 
152, 153, 154, 155, 156, 157, 158, 159, 
160, 161, 162, 184, 164, 165, 166, 167, 
168, 169, 170, 171, 172, 173, 174, 175, 
176, 177, 178, 168, 180, 181, 182, 183, 
184, 185, 186, 187, 188, 189, 190, 191, 
254, 224, 225, 246, 228, 229, 224, 227, 
245, 232, 233, 234, 235, 236, 237, 238, 
239, 255, 240, 241, 242, 243, 230, 226, 
252, 251, 231, 248, 253, 249, 247, 250, 
222, 192, 193, 214, 196, 197, 212, 195, 
213, 200, 201, 202, 203, 204, 205, 206, 
207, 223, 208, 209, 210, 211, 198, 194, 
220, 219, 199, 216, 221, 217, 215, 218, 
